4294967278,22
4294967278,270
4294967278,21
4294967278,20
4294967278,515
4294967278,19
4294967278,514
4294967278,18
4294967278,17
4294967278,277
4294967278,16
4294967278,15
4294967278,14
4294967278,13
4294967278,12
4294967278,11
4294967278,10
4294967278,9
4294967278,8
4294967278,7
4294967278,6
4294967278,5
4294967278,4
4294967279,132
4294967279,131
4294967279,130
4294967279,129
4294967279,128
4294967279,127
4294967279,321
4294967279,126
4294967279,320
4294967279,125
4294967279,253
4294967279,124
4294967279,319
4294967279,123
4294967279,122
4294967279,121
4294967279,120
4294967279,119
4294967279,118
4294967279,117
4294967279,116
4294967279,115
4294967279,114
4294967279,113
4294967279,112
4294967279,111
4294967279,110
4294967279,109
4294967279,108
4294967279,107
4294967279,106
4294967279,105
4294967279,104
4294967279,103
4294967279,102
4294967279,101
4294967279,100
4294967279,99
4294967279,98
4294967279,97
4294967279,297
36,7
36,0
36,6
4294967279,160
4294967279,159
4294967279,358
4294967294,187
4294967279,157
4294967294,161
4294967294,158
4294967294,185
4294967294,913
4294967279,156
4294967279,330
4294967279,154
4294967294,392
4294967278,544
4294967279,328
4294967279,151
4294967279,294
4294967279,293
4294967279,292
4294967279,146
4294967279,145
37,5
4294967279,144
37,4
37,3
37,2
37,1
4294967279,143
4294967279,357
4294967279,288
4294967279,275
4294967279,136
36,5
4294967279,135
36,4
36,3
36,2
36,1
4294967278,543
4294967279,134
4294967279,326
4294967279,274
4294967279,271
4294967279,269
4294967279,286
4294967279,285
4294967279,280
4294967279,267
4294967279,264
4294967279,266
4294967279,265
4294967279,356
4294967279,263
4294967279,277
4294967279,261
4294967279,259
4294967279,258
4294967279,257
4294967279,256
4294967279,355
4294967278,512
4294967279,354
4294967279,353
4294967278,318
32,4
4294967278,317
32,3
32,2
32,1
4294967278,542
4294967278,316
4294967278,541
4294967278,249
4294967278,314
4294967279,352
4294967278,312
4294967278,123
4294967278,119
4294967278,118
4294967278,111
4294967278,108
4294967278,103
4294967278,102
4294967278,97
4294967278,96
4294967278,95
4294967278,303
4294967278,302
4294967278,301
4294967278,85
4294967278,84
4294967278,81
4294967278,80
4294967278,77
4294967278,76
4294967278,74
4294967279,96
4294967279,95
4294967279,94
4294967279,314
4294967279,93
4294967279,92
4294967279,313
4294967279,91
4294967279,312
4294967279,90
4294967279,89
4294967279,87
4294967279,86
4294967279,85
4294967279,84
4294967279,83
4294967278,313
4294967278,311
4294967278,310
30,7
30,0
30,6
4294967278,245
4294967278,243
4294967278,540
4294967278,240
4294967278,242
4294967278,115
4294967278,239
4294967278,236
4294967279,351
4294967279,350
4294967278,112
4294967278,308
4294967278,232
4294967278,110
4294967278,231
4294967294,395
4294967294,396
4294967294,407
4294967294,420
4294967294,385
4294967294,902
4294967294,896
4294967294,455
4294967294,111
4294967294,453
4294967278,109
4294967278,229
4294967278,107
4294967278,225
4294967278,222
4294967278,220
31,5
4294967278,218
31,4
31,3
31,2
31,1
4294967278,216
4294967278,213
4294967294,163
4294967294,182
4294967294,966
4294967294,173
4294967294,962
4294967278,307
4294967279,349
4294967278,306
4294967278,209
4294967278,208
30,5
4294967278,207
30,4
30,3
30,2
30,1
4294967279,348
4294967279,347
4294967278,206
4294967278,305
4294967278,539
4294967278,538
4294967294,393
4294967294,389
4294967294,115
4294967279,346
4294967278,197
4294967278,537
4294967279,195
4294967278,193
4294967279,193
4294967279,192
4294967278,536
4294967279,191
4294967279,190
4294967278,189
4294967279,189
4294967279,188
4294967278,535
4294967279,187
4294967294,467
4294967294,17
4294967294,99
4294967294,76
4294967294,12
4294967279,184
4294967294,89
26,4
4294967279,183
26,3
26,2
26,1
4294967279,345
0,7
4294967279,182
4294967294,11
4294967294,1
4294967294,390
4294967294,2
4294967294,42
4294967294,39
4294967294,40
4294967294,899
4294967294,36
4294967294,37
4294967294,900
4294967294,186
4294967279,344
4294967294,0
4294967294,69
4294967294,68
4294967279,306
4294967294,29
4294967294,468
4294967294,387
4294967294,388
4294967294,46
4294967294,53
4294967294,437
4294967294,45
4294967294,43
4294967294,82
4294967279,305
4294967294,107
4294967294,81
